Época	val_loss	val_acc
1	0.7233	0.9805
2	0.5245	0.9794
3	0.3752	0.9995
4	0.3064	1.0000
5	0.2613	1.0000
6	0.2982	1.0000
7	0.2992	0.9995
8	0.2735	1.0000
9	0.2137	1.0000
10	0.1660	1.0000
11	0.1600	0.9969
12	0.1511	0.9959
13	0.1647	0.9995
14	0.1421	1.0000
15	0.1834	0.9902
16	0.1346	1.0000
17	0.1103	1.0000
18	0.0995	1.0000
19	0.1118	0.9979
20	0.1647	1.0000
21	0.1507	1.0000
22	0.1163	1.0000
23	0.0948	1.0000
24	0.0802	1.0000
25	0.0758	1.0000
26	0.0683	1.0000
27	0.0762	0.9995
28	0.0745	0.9995
29	0.0898	0.9974
30	0.1066	0.9938
